     3.619017601         3.193616867         2.329804897
     6.292596817         7.950421333         2.314561129
     8.942810059        12.702633858         2.294156790
    11.567966461        17.455886841         2.275186539
    14.172437668        22.220169067         2.259443521
    16.761993408        26.997791290         2.244912624
    19.351829529        31.790315628         2.237180233
    21.955131531        36.608421326         2.246254921
    24.573366165        41.449726105         2.256485939
    27.210281372        46.301223755         2.267583370
    29.862575531        51.150753021         2.275188208
    32.529838562        55.983154297         2.293945789
    35.212024689        60.792263031         2.315244198
    37.906837463        65.581481934         2.332077980
     3.654766083         0.037545886         2.332077980
     6.382946968         1.642327547         2.325099230
     6.342143059         4.794922829         2.321707487
     9.063235283         6.396947861         2.311724424
     9.007492065         9.548900604         2.304734468
    11.722597122        11.149467468         2.291929007
    11.650298119        14.302304268         2.282704115
    14.357971191        15.907493591         2.267247677
    14.267152786        19.061504364         2.260734797
    16.960975647        20.673496246         2.241359949
    16.860300064        23.833660126         2.243336201
    19.544727325        25.456327438         2.220189571
    19.444816589        28.620786667         2.226987839
    22.125202179        30.258504868         2.207669497
    22.033466339        33.430519104         2.225454330
    24.712614059        35.079391479         2.213862181
    24.636924744        38.261951447         2.237278700
    27.317874908        39.924381256         2.233574867
    27.261524200        43.112705231         2.252910852
    29.949226379        44.777114868         2.248843908
    29.901536942        47.963195801         2.262239218
    32.597858429        49.621944427         2.265824318
    32.564079285        52.802982330         2.281488657
    35.271110535        54.448875427         2.292596817
    35.239562988        57.622566223         2.305214643
    37.957416534        59.252159119         2.314466715
    37.932529449        62.416416168         2.325099230
    40.657951355        64.034400940         2.329804897
    40.630458832        67.194198608         2.335801840
     9.149753571         0.098380305         2.315244198
     9.110832214         3.246009588         2.314466715
    11.837642670         4.851011276         2.304086208
    11.786462784         7.999965191         2.300396204
    14.509555817         9.608136177         2.283170700
    14.436714172        12.755687714         2.276062250
    17.147270203        14.368610382         2.252540350
    17.058368683        17.520915985         2.245175123
    19.752723694        19.139837265         2.218882561
    19.649131775        22.295408249         2.217988014
    22.330165863        23.927827835         2.191435337
    22.224914551        27.090139389         2.197104216
    24.900478363        28.735242844         2.176760435
    24.801797867        31.904327393         2.191621304
    27.476247787        33.562191010         2.181757927
    27.389692307        36.739261627         2.209466934
    30.069751740        38.409042358         2.207854748
    30.004360199        41.591869354         2.230436087
    32.692092896        43.261592865         2.230430126
    32.640075684        46.441993713         2.249457359
    35.341442108        48.099735260         2.257303476
    35.303619385        51.272823334         2.275985479
    38.015720367        52.919677734         2.288819075
    37.983985901        56.088169098         2.304086208
    40.710006714        57.717906952         2.311724424
    40.683158875        60.875453949         2.321707487
    43.413532257        62.493202209         2.323670864
    43.387771606        65.647125244         2.329564095
    46.118190765        67.256874084         2.323779821
    11.881025314         1.707076788         2.305214643
    14.613748550         3.321241856         2.292596817
    14.565767288         6.462742329         2.288819075
    17.291341782         8.076511383         2.269280910
    17.226442337        11.221454620         2.261087894
    19.938045502        12.839940071         2.234311819
    19.851123810        15.987986565         2.224550486
    22.547454834        17.616329193         2.195805788
    22.440650940        20.769292831         2.190622807
    25.123165131        22.408964157         2.162345409
    25.010826111        25.569198608         2.165041924
    27.684257507        27.222991943         2.140832901
    27.574848175        30.389987946         2.157831669
    30.247264862        32.056102753         2.147836208
    30.152853012        35.229507446         2.179266214
    32.831912994        36.905200958         2.180315018
    32.755355835        40.082069397         2.207588673
    35.446949005        41.753890991         2.212111473
    35.387889862        44.927143097         2.236920118
    38.092956543        46.587093353         2.245516300
    38.050498962        49.752376556         2.269280910
    40.767818451        51.395660400         2.283170700
    40.736648560        54.558017731         2.300396204
    43.467548370        56.190204620         2.304734468
    43.440673828        59.340614319         2.314561129
    46.176605225        60.960563660         2.312821388
    46.148193359        64.107421875         2.319641590
    48.885135651        65.718025208         2.312235594
    14.655659676         0.180090725         2.293945789
    17.392650604         1.799830556         2.281488657
    17.348037720         4.937422752         2.275985479
    20.077098846         6.556718826         2.257303476
    20.011331558         9.695921898         2.245516300
    22.727048874        11.323959351         2.219144344
    22.643165588        14.467910767         2.205719948
    25.342735291        16.106166840         2.175429583
    25.236618042        19.256252289         2.165648699
    27.919281006        20.908222198         2.131830692
    27.802597046        24.063503265         2.131980181
    30.474861145        25.728221893         2.103433847
    30.357730865        28.887651443         2.120537043
    33.027351379        30.564268112         2.110811472
    32.923408508        33.730712891         2.144649029
    35.600982666        35.409633636         2.148411751
    35.517944336        38.580993652         2.183878899
    38.208877563        40.254981995         2.192877769
    38.145019531        43.421192169         2.219144344
    40.852397919        45.078552246         2.234311819
    40.806549072        48.236110687         2.261087894
    43.530097961        49.884967804         2.276062250
    43.496131897        53.038574219         2.291929007
    46.231101990        54.669353485         2.294156790
    46.203102112        57.813491821         2.304684401
    48.944255829        59.435874939         2.300165176
    48.915180206        62.575271606         2.306528568
    51.654712677        64.190765381         2.297482491
    51.620838165        67.329040527         2.303670645
    20.174274445         0.286374152         2.275188208
    20.130615234         3.419602871         2.265824318
    22.863430023         5.046137333         2.249457359
    22.801422119         8.183240891         2.236920118
    25.520009995         9.821015358         2.212111473
    25.437137604        12.962366104         2.192877769
    28.140178680        14.611310005         2.160956144
    28.035589218        17.758079529         2.142343044
    30.718805313        19.422475815         2.104360819
    30.597240448        22.573007584         2.097157478
    33.269332886        24.246026993         2.068411350
    33.144611359        27.402017593         2.084750652
    35.810943604        29.084045410         2.076253891
    35.698547363        32.244598389         2.110312700
    38.376686096        33.924858093         2.121961117
    38.285381317        37.089607239         2.160956144
    40.978687286        38.764839172         2.175429583
    40.909706116        41.921863556         2.205719948
    43.622146606        43.579803467         2.224550486
    43.571651459        46.731094360         2.252540350
    46.299011230        48.377258301         2.267247677
    46.262714386        51.524768829         2.282704115
    49.001945496        53.158107758         2.285269260
    48.972595215        56.296630859         2.294057131
    51.716232300        57.920055389         2.287206411
    51.685913086        61.054801941         2.292506933
    54.428363800        62.673171997         2.286077976
    54.394271851        65.806358337         2.292213678
    57.135627747        67.427246094         2.285252094
    22.915298462         1.913894057         2.262239218
    25.650684357         3.548234701         2.248843908
    25.591730118         6.681386948         2.230430126
    28.313648224         8.325936317         2.207588673
    28.232324600        11.468945503         2.183878899
    30.937278748        13.126541138         2.148411751
    30.835281372        16.272754669         2.121961117
    33.517696381        17.944213867         2.083118439
    33.395305634        21.094419479         2.068515301
    36.063953400        22.773824692         2.042092085
    35.935783386        25.925924301         2.052538395
    38.600975037        27.611751556         2.052259684
    38.483001709        30.766092300         2.083118439
    41.162658691        32.450866699         2.104360819
    41.062858582        35.606803894         2.142343044
    43.759796143        37.281692505         2.165648699
    43.684165955        40.430538177         2.195805788
    46.400928497        42.089092255         2.218882561
    46.346076965        45.231933594         2.245175123
    49.075874329        46.878902435         2.260734797
    49.034965515        50.019275665         2.275186539
    51.777908325        51.653568268         2.278933525
    51.746543884        54.786819458         2.283015013
    54.492210388        56.412616730         2.279435158
    54.460166931        59.542110443         2.281998873
    57.206008911        61.165496826         2.280567646
    57.172836304        64.293159485         2.283811569
    59.917892456        65.919113159         2.280267239
    25.700237274         0.414184809         2.267583370
    28.435949326         2.052820444         2.252910852
    28.381618500         5.188602924         2.230436087
    31.105331421         6.836647987         2.207854748
    31.026615143         9.980670929         2.180315018
    33.730052948        11.647152901         2.144649029
    33.629497528        14.793553352         2.110312700
    36.310417175        16.471166611         2.076253891
    36.190444946        19.623548508         2.052259684
    38.856838226        21.310005188         2.032179832
    38.728294373        24.459360123         2.032179832
    41.392440796        26.146162033         2.042092085
    41.272354126        29.296981812         2.068515301
    43.951881409        30.980880737         2.097157478
    43.849113464        34.132453918         2.131830692
    46.546855927        35.803592682         2.162345409
    46.468116760        38.946556091         2.190622807
    49.185531616        40.601020813         2.217988014
    49.124992371        43.739990234         2.241359949
    51.858718872        45.381599426         2.259443521
    51.813110352        48.517906189         2.271801233
    54.556526184        50.152679443         2.278328657
    54.523162842        53.283561707         2.279675007
    57.270111084        54.911338806         2.279051781
    57.239341736        58.037956238         2.278522730
    59.986541748        59.660636902         2.280059099
    59.953987122        62.788803101         2.281552792
    62.700214386        64.414627075         2.281520367
    62.660648346        67.546646118         2.274977684
    31.220216751         0.556295872         2.256485939
    31.168947220         3.695782423         2.233574867
    33.891433716         5.350539207         2.209466934
    33.817340851         8.498385429         2.179266214
    36.518379211        10.166851044         2.147836208
    36.420303345        13.320393562         2.110811472
    39.100265503        15.003066063         2.084750652
    38.983009338        18.158336639         2.052538395
    41.648723602        19.845386505         2.042092085
    41.519989014        22.996009827         2.032179832
    44.186325073        24.681110382         2.052538395
    44.064716339        27.830272675         2.068411350
    46.745567322        29.509256363         2.103433847
    46.640010834        32.655868530         2.131980181
    49.339866638        34.320766449         2.165041924
    49.258728027        37.462966919         2.191435337
    51.975166321        39.110980988         2.220189571
    51.912109375        42.247093201         2.243336201
    54.647575378        43.885871887         2.261185646
    54.599136353        47.020889282         2.273329973
    57.339427948        48.650394440         2.279142857
    57.303951263        51.782447815         2.280593395
    60.051334381        53.406669617         2.281614780
    60.020011902        56.533805847         2.279814005
    62.768020630        58.156684875         2.282495260
    62.736701965        61.284198761         2.282664537
    65.484024048        62.912746429         2.285286188
    65.448417664        66.046134949         2.278286457
    68.187629700        67.680366516         2.270470381
    33.949131012         2.205227852         2.237278700
    36.667465210         3.862058878         2.213862181
    36.599578857         7.014035225         2.181757927
    39.297489166         8.685525894         2.157831669
    39.207107544        11.846739769         2.120537043
    41.884689331        13.527894020         2.103433847
    41.771072388        16.689073563         2.068411350
    44.437458038        18.373973846         2.068515301
    44.313697815        21.530073166         2.052259684
    46.983753204        23.210165024         2.076253891
    46.860244751        26.360290527         2.084750652
    49.540283203        28.030984879         2.120537043
    49.435379028        31.178607941         2.140832901
    52.136917114        32.833305359         2.176760435
    52.049995422        35.972961426         2.197104216
    54.765625000        37.615272522         2.226987839
    54.701484680        40.750167847         2.244912624
    57.433315277        42.382068634         2.263695002
    57.383304596        45.516990662         2.273789644
    60.121795654        47.146251678         2.284932137
    60.084953308        50.277004242         2.284333467
    62.831203461        51.899887085         2.288771391
    62.800365448        55.029541016         2.284720659
    65.548141479        56.650608063         2.287111998
    65.516227722        59.780742645         2.285146475
    68.262603760        61.407127380         2.289021492
    68.228813171        64.543342590         2.282170773
    70.967849731        66.179534912         2.275853634
    36.722026825         0.709490955         2.246254921
    39.434997559         2.366282940         2.225454330
    39.372558594         5.526824474         2.191621304
    42.067726135         7.196826458         2.176760435
    41.985485077        10.363774300         2.140832901
    44.662506104        12.046003342         2.131980181
    44.555992126        15.211484909         2.097157478
    47.223651886        16.892030716         2.104360819
    47.104423523        20.055070877         2.083118439
    49.777069092        21.727224350         2.110312700
    49.657459259        24.880714417         2.110811472
    52.339469910        26.542419434         2.147836208
    52.232784271        29.689861298         2.157831669
    54.930763245        31.334222794         2.191621304
    54.843734741        34.475131989         2.207669497
    57.557010651        36.111038208         2.237180233
    57.489471436        39.247856140         2.251862764
    60.217231750        40.873859406         2.274573088
    60.166122437        44.011268616         2.282058954
    62.903938293        45.634128571         2.296118736
    62.866249084        48.767986298         2.293959856
    65.608474731        50.386554718         2.300404072
    65.578292847        53.520320892         2.292737722
    68.323677063        55.140373230         2.296647310
    68.294250488        58.273334503         2.290592670
    71.037033081        59.900653839         2.293235779
    71.005569458        63.039348602         2.287046909
    73.738342285        64.676399231         2.281277657
    73.698356628        67.825180054         2.262781382
    42.196273804         0.864018798         2.237180233
    42.136177063         4.031736374         2.207669497
    44.830204010         5.702270508         2.197104216
    44.754425049         8.875413895         2.165041924
    47.435096741        10.552818298         2.162345409
    47.336719513        13.724698067         2.131830692
    50.006671906        15.400493622         2.142343044
    49.893154144        18.567758560         2.121961117
    52.566852570        20.229198456         2.148411751
    52.451656342        23.387508392         2.144649029
    55.134925842        25.037485123         2.179266214
    55.029289246        28.189149857         2.181757927
    57.725040436        29.823926926         2.213862181
    57.636650085        32.968574524         2.225454330
    60.349075317        34.593772888         2.255885601
    60.276874542        37.737022400         2.264191389
    63.002342224        39.354614258         2.286940813
    62.948913574        42.494350433         2.293383837
    65.683334351        44.108928680         2.308964252
    65.642829895        47.248683929         2.306500912
    68.380889893        48.863460541         2.315324783
    68.350585938        52.003986359         2.306249619
    71.093521118        53.622047424         2.310407639
    71.066436768        56.762554169         2.300886393
    73.803970337        58.385555267         2.302716970
    73.773277283        61.530223846         2.292927265
    76.505203247        63.164894104         2.290671587
    76.467788696        66.319999695         2.272300482
    79.187957764        67.970031738         2.255885601
    44.894676208         2.529313803         2.226987839
    47.585224152         4.198067665         2.220189571
    47.516223907         7.374577045         2.191435337
    50.196350098         9.049528122         2.190622807
    50.108699799        12.227428436         2.165648699
    52.783695221        13.894371986         2.175429583
    52.679557800        17.064456940         2.160956144
    55.354850769        18.715436935         2.183878899
    55.246589661        21.879501343         2.180315018
    57.930038452        23.519683838         2.207854748
    57.823993683        26.675573349         2.209466934
    60.519065857        28.298194885         2.237278700
    60.427967072        31.447460175         2.246254921
    63.138122559        33.063045502         2.272300482
    63.064804077        36.212547302         2.279896975
    65.784530640        37.822223663         2.298642874
    65.729446411        40.966602325         2.304326057
    68.458465576        42.575012207         2.316727161
    68.417724609        45.720806122         2.319002867
    71.151573181        47.330947876         2.327520847
    71.120132446        50.477657318         2.320643902
    73.858512878        52.091995239         2.323949099
    73.831726074        55.239639282         2.313770294
    76.565696716        56.861633301         2.314684153
    76.537689209        60.014064789         2.304110289
    79.266151428        61.648563385         2.298642874
    79.231994629        64.808753967         2.279896975
    81.946197510        66.460929871         2.264191389
    47.641643524         1.017416835         2.244912624
    50.332706451         2.684620142         2.243336201
    50.270454407         5.868942738         2.217988014
    52.951461792         7.536442757         2.218882561
    52.873497009        10.718503952         2.195805788
    55.552257538        12.375600815         2.205719948
    55.459106445        15.548026085         2.192877769
    58.138156891        17.190471649         2.212111473
    58.036117554        20.357370377         2.207588673
    60.719142914        21.984903336         2.230436087
    60.618297577        25.145210266         2.233574867
    63.311542511        26.759351730         2.256485939
    63.219322205        29.912063599         2.262781382
    65.926246643        31.521083832         2.281277657
    65.851821899        34.673007965         2.290671587
    68.564277649        36.276554108         2.304110289
    68.506797791        39.427280426         2.312567711
    71.229309082        41.031383514         2.323509455
    71.187843323        44.181621552         2.328176737
    73.918472290        45.788276672         2.335861206
    73.886428833        48.941627502         2.333310127
    76.618103027        50.552761078         2.334275246
    76.592651367        53.708724976         2.325601578
    79.322975159        55.328659058         2.323509455
    79.295036316        58.488483429         2.312567711
    82.016807556        60.124076843         2.304326057
    81.984329224        63.291809082         2.286940813
    84.692596436        64.944168091         2.274573088
    84.648315430        68.119476318         2.251862764
    53.073966980         1.163607121         2.259443521
    53.019153595         4.351889133         2.241359949
    55.700668335         6.012523651         2.245175123
    55.631851196         9.197586060         2.224550486
    58.314678192        10.846883774         2.234311819
    58.233051300        14.020220757         2.219144344
    60.915809631        15.654992104         2.236920118
    60.821292877        18.822395325         2.230430126
    63.505207062        20.440027237         2.248843908
    63.407642365        23.599845886         2.252910852
    66.100097656        25.212038040         2.270470381
    66.009742737        28.370193481         2.275853634
    68.710357666        29.972955704         2.287046909
    68.633453369        33.124420166         2.292927265
    71.341468811        34.723331451         2.302716970
    71.280357361        37.877021790         2.314684153
    73.997375488        39.476821899         2.325601578
    73.954315186        42.632789612         2.333070278
    76.678726196        44.237037659         2.340180874
    76.647361755        47.395866394         2.340014935
    79.374450684        49.006507874         2.340180874
    79.347335815        52.168037415         2.333070278
    82.071899414        53.789455414         2.328176737
    82.045227051        56.956478119         2.316727161
    84.761192322        58.592838287         2.308964252
    84.730140686        61.768207550         2.293383837
    87.435226440        63.419715881         2.282058954
    87.390701294        66.601005554         2.263695002
    90.085906982        68.261619568         2.261185646
    55.762088776         2.824965715         2.260734797
    58.448131561         4.480621815         2.267247677
    58.386192322         7.665667057         2.252540350
    61.072128296         9.307810783         2.261087894
    61.000831604        12.482360840         2.245516300
    63.686576843        14.108919144         2.257303476
    63.601615906        17.277244568         2.249457359
    66.288284302        18.888284683         2.262239218
    66.194602966        22.049966812         2.267583370
    68.884986877        23.656929016         2.278286457
    68.796241760        26.816217422         2.282170773
    71.495391846        28.413589478         2.289021492
    71.412818909        31.569549561         2.293235779
    74.115791321        33.164070129         2.300886393
    74.052032471        36.320327759         2.313770294
    76.764579773        37.917354584         2.323949099
    76.717803955        41.076839447         2.334275246
    79.437126160        42.680629730         2.340014935
    79.403411865        45.843582153         2.342597723
    82.125755310        47.454254150         2.340014935
    82.097984314        50.621330261         2.335861206
    84.817428589        52.246200562         2.327520847
    84.789932251        55.418853760         2.319002867
    87.500556946        57.058048248         2.306500912
    87.471755981        60.237274170         2.296118736
    90.172363281        61.890621185         2.284932137
    90.130630493        65.076850891         2.273789644
    92.825126648        66.736061096         2.273329973
    58.502189636         1.290210962         2.275186539
    61.192104340         2.938303232         2.282704115
    61.138305664         6.124718666         2.276062250
    63.827743530         7.761577606         2.283170700
    63.763275146        10.936487198         2.269280910
    66.453460693        12.555129051         2.275985479
    66.376640320        15.723824501         2.265824318
    69.068267822        17.328247070         2.275188208
    68.979393005        20.492395401         2.274977684
    71.672019958        22.092668533         2.281520367
    71.580772400        25.254457474         2.285286188
    74.277069092        26.848348618         2.285146475
    74.193511963        30.007892609         2.290592670
    76.892021179        31.599853516         2.296647310
    76.822006226        34.757778168         2.310407639
    79.531829834        36.353015900         2.320643902
    79.478912354        39.516716003         2.333310127
    82.193778992        41.121139526         2.335861206
    82.157073975        44.287204742         2.340180874
    84.874343872        45.901149750         2.334275246
    84.844886780        49.072402954         2.333310127
    87.558273315        50.700077057         2.320643902
    87.529968262        53.879428864         2.315324783
    90.235214233        55.518867493         2.300404072
    90.204597473        58.702983856         2.293959856
    92.902091980        60.357147217         2.284333467
    92.866180420        63.548149109         2.279142857
    95.558639526        65.207069397         2.278328657
    95.514595032        68.400321960         2.271801233
    63.931201935         1.393385410         2.294156790
    63.886390686         4.577334881         2.291929007
    66.582008362         6.207394123         2.300396204
    66.523628235         9.382953644         2.288819075
    69.220260620        10.995258331         2.292596817
    69.148391724        14.162563324         2.281488657
    71.845306396        15.767282486         2.285252094
    71.760246277        18.930858612         2.280267239
    74.453140259        20.527278900         2.281552792
    74.364799500        23.689485550         2.282664537
    77.057655334        25.280355453         2.282495260
    76.971893311        28.441053391         2.287111998
    79.667724609        30.032306671         2.292737722
    79.594757080        33.191356659         2.306249619
    82.299377441        34.787853241         2.315324783
    82.241233826        37.953594208         2.327520847
    84.950500488        39.559677124         2.328176737
    84.908592224        42.729923248         2.333070278
    87.620201111        44.345203400         2.325601578
    87.587142944        47.521400452         2.323949099
    90.294708252        49.150924683         2.310407639
    90.264892578        52.335407257         2.306249619
    92.964225769        53.978118896         2.292737722
    92.934432983        57.167385101         2.288771391
    95.629280090        58.821434021         2.281614780
    95.596343994        62.012844086         2.280593395
    98.286743164        63.670520782         2.279675007
    98.247764587        66.862976074         2.278933525
   100.938705444        68.514762878         2.285269260
    66.630073547         3.026267290         2.304734468
    69.331871033         4.650518894         2.311724424
    69.283493042         7.826194286         2.304086208
    71.984527588         9.435731888         2.305214643
    71.919616699        12.602128029         2.293945789
    74.619720459        14.203642845         2.292213678
    74.540893555        17.366552353         2.283811569
    77.232948303        18.959108353         2.280567646
    77.145919800        22.119554520         2.280059099
    79.837104797        23.711952209         2.279814005
    79.749664307        26.871944427         2.284720659
    82.444602966        28.463476181         2.288771391
    82.366554260        31.625326157         2.300404072
    85.066848755        33.224018097         2.306500912
    85.002586365        36.391090393         2.319002867
    87.706550598        37.999259949         2.316727161
    87.657943726        41.170703888         2.323509455
    90.364181519        42.792091370         2.314684153
    90.326477051        45.970779419         2.313770294
    93.027999878        47.604129791         2.300886393
    92.994537354        50.790523529         2.296647310
    95.690200806        52.439086914         2.287111998
    95.660202026        55.629264832         2.284720659
    98.353118896        57.284992218         2.279814005
    98.322967529        60.477706909         2.279051781
   101.012069702        62.132801056         2.279435158
   100.976913452        65.323516846         2.283015013
   103.671417236        66.970916748         2.294057131
    69.371849060         1.474338531         2.314561129
    72.079811096         3.094996214         2.321707487
    72.036872864         6.267208099         2.314466715
    74.743331909         7.874729633         2.315244198
    74.687744141        11.040438652         2.303670645
    77.388641357        12.638913155         2.297482491
    77.316078186        15.799759865         2.286077976
    80.011756897        17.392837524         2.281998873
    79.924804688        20.551752090         2.278522730
    82.617156982        22.141706467         2.279051781
    82.529624939        25.302646637         2.281614780
    85.223182678        26.896598816         2.284333467
    85.139389038        30.059778214         2.293959856
    87.834541321        31.659347534         2.296118736
    87.765701294        34.828975677         2.308964252
    90.463989258        36.440067291         2.304326057
    90.408401489        39.614990234         2.312567711
    93.108261108        41.240135193         2.304110289
    93.064804077        44.421859741         2.302716970
    95.760375977        46.060546875         2.293235779
    95.722473145        49.249519348         2.290592670
    98.416938782        50.901657104         2.285146475
    98.384574890        54.093708038         2.282495260
   101.077766418        55.750556946         2.280059099
   101.046081543        58.941043854         2.278522730
   103.738304138        60.595802307         2.281998873
   103.705535889        63.783145905         2.287206411
   106.404266357        65.425842285         2.300165176
   106.369812012        68.610946655         2.304684401
    74.828147888         1.537353516         2.329804897
    74.789642334         4.706631660         2.325099230
    77.501564026         6.311089993         2.323779821
    77.450775146         9.476758003         2.312235594
    80.157455444        11.074152946         2.306528568
    80.088867188        14.233911514         2.292506933
    82.788467407        15.827546120         2.287206411
    82.705963135        18.985330582         2.279435158
    85.400329590        20.576663971         2.279675007
    85.309936523        23.735456467         2.280593395
    88.004631042        25.332206726         2.279142857
    87.916076660        28.493877411         2.284932137
    90.608886719        30.099761963         2.282058954
    90.531181335        33.268188477         2.293383837
    93.223556519        34.884323120         2.286940813
    93.159553528        38.059967041         2.298642874
    95.853210449        39.692848206         2.290671587
    95.803512573        42.876102448         2.292927265
    98.494308472        44.518440247         2.287046909
    98.452239990        47.710033417         2.289021492
   101.145439148        49.363544464         2.285286188
   101.108734131        52.557071686         2.282664537
   103.803115845        54.214668274         2.281552792
   103.771286011        57.406143188         2.280567646
   106.465789795        59.057811737         2.286077976
   106.435462952        62.242034912         2.292506933
   109.137603760        63.881328583         2.306528568
   109.108505249        67.060356140         2.312821388
   111.817337036        68.686927795         2.323670864
    77.543510437         3.146348476         2.332077980
    80.260856628         4.751350880         2.329564095
    80.214073181         7.911798477         2.319641590
    82.925125122         9.509830475         2.312821388
    82.861717224        12.669032097         2.300165176
    85.566215515        14.263201714         2.294057131
    85.486778259        17.420412064         2.283015013
    88.184570313        19.014198303         2.278933525
    88.095062256        22.171001434         2.278328657
    90.785972595        23.773796082         2.273329973
    90.696304321        26.936906815         2.273789644
    93.386222839        28.547676086         2.263695002
    93.300415039        31.712724686         2.274573088
    95.987167358        33.332798004         2.264191389
    95.913436890        36.509449005         2.279896975
    98.604324341        38.147697449         2.272300482
    98.545639038        41.333263397         2.281277657
   101.232643127        42.981021881         2.275853634
   101.185180664        46.171192169         2.282170773
   103.876831055        47.827686310         2.278286457
   103.838005066        51.023456573         2.281520367
   106.532089233        52.680770874         2.280267239
   106.496498108        55.871036530         2.283811569
   109.196243286        57.520751953         2.292213678
   109.166885376        60.701068878         2.297482491
   111.874328613        62.335968018         2.312235594
   111.847969055        65.511528015         2.319641590
   114.561607361        67.132270813         2.329564095
    80.299713135         1.589914441         2.335801840
    82.979362488         6.350622177         2.323670864
    85.637329102        11.106317520         2.304684401
    88.269577026        15.857878685         2.285269260
    90.882522583        20.612518311         2.271801233
    93.476760864        25.383256912         2.261185646
    96.072448730        30.163417816         2.251862764
    98.673202515        34.966945648         2.255885601
   101.292556763        39.793510437         2.262781382
   103.922515869        44.638347626         2.270470381
   106.570190430        49.491710663         2.274977684
   109.229309082        54.336215973         2.285252094
   111.901657104        59.161270142         2.303670645
   114.590469360        63.962783813         2.323779821
   117.280059814        68.746635437         2.335801840
     0.000000000         0.000000000         5.210774422
     2.751224041         1.554268122         5.211206436
     8.212882996         1.496118546         5.216766357
    13.660245895         1.422925234         5.240092278
    19.090450287         1.324632764         5.271416187
    24.515121460         1.204244375         5.291478157
    29.943628311         1.065891743         5.307015896
    35.387733459         0.918954253         5.315333843
    40.854423523         0.763973534         5.318815708
    46.345272064         0.609075189         5.310869694
    51.859134674         0.460477263         5.299087524
    57.382728577         0.325297147         5.283882141
    62.903034210         0.210563675         5.259150982
    68.416275024         0.121346064         5.230628490
    73.920478821         0.054447435         5.213005066
     2.788620234         4.721138954         5.213005066
     5.502230167         3.112066984         5.211599350
     8.252167702         4.672883511         5.217466354
    10.956469536         3.051624775         5.227306843
    13.703325272         4.604545116         5.242656708
    16.398908615         2.970338583         5.257092953
    19.141050339         4.511049271         5.276505947
    21.826845169         2.861311197         5.285228252
    24.569967270         4.394995689         5.303223133
    27.255859375         2.732551575         5.307066441
    30.000801086         4.252123356         5.327237129
    32.690372467         2.584113359         5.322816372
    35.445419312         4.090858459         5.342434406
    38.146278381         2.422825813         5.331421852
    40.909481049         3.921594381         5.345490456
    43.622432709         2.261355639         5.328570843
    46.399276733         3.752657890         5.331671715
    49.125858307         2.100618124         5.312507153
    51.911918640         3.594465971         5.313966751
    54.645889282         1.957191944         5.296415806
    57.433586121         3.458556652         5.290290356
    60.166507721         1.831023216         5.274674892
    62.948760986         3.347854614         5.260084629
    65.680763245         1.732748151         5.242761135
    68.457023621         3.265334129         5.228065014
    71.189300537         1.658891439         5.216197491
    73.957168579         3.209038734         5.211599350
    76.681762695         1.605496764         5.211206436
    79.438026428         3.160628080         5.211712360
     5.543698311         6.284186840         5.216197491
     8.301054001         7.847180843         5.228065014
    11.003566742         6.230378628         5.232091904
    13.756530762         7.784172535         5.251367092
    16.450418472         6.152985573         5.262111187
    19.200561523         7.695394993         5.286441803
    21.885831833         6.050393105         5.298480511
    24.634855270         7.580447197         5.321556091
    27.317459106         5.920274258         5.326919556
    30.068578720         7.434417248         5.354020119
    32.753238678         5.764026165         5.350757599
    35.514377594         7.262706757         5.372919559
    38.207397461         5.588750839         5.361389160
    40.977191925         7.079778194         5.377463341
    43.681362152         5.411287308         5.354719162
    46.463817596         6.898457050         5.358609200
    49.183692932         5.240988731         5.333205223
    51.972270966         6.730945587         5.332032204
    54.699375153         5.090025425         5.309982777
    57.488761902         6.592957020         5.299736500
    60.218360901         4.967351913         5.277939320
    63.002189636         6.487308979         5.263095379
    65.728721619         4.874248981         5.244513035
    68.505966187         6.414180756         5.232091904
    71.230491638         4.810146332         5.217466354
    74.001296997         6.364507675         5.216766357
    76.721420288         4.764942646         5.212916374
    79.479286194         6.325702667         5.215561867
     5.598658562         9.454470634         5.230628490
     8.361927986        11.017789841         5.242761135
    11.058568954         9.405507088         5.244513035
    13.818785667        10.960222244         5.263095379
    16.511928558         9.333534241         5.272591591
    19.269821167        10.878284454         5.298844337
    21.951477051         9.233623505         5.312217712
    24.709426880        10.762228012         5.342565060
    27.389743805         9.102407455         5.350060940
    30.149009705        10.612189293         5.382058620
    32.827819824         8.939246178         5.380416393
    35.597518921        10.431373596         5.407877922
    38.282680511         8.752597809         5.397337914
    41.059341431        10.235858917         5.414495945
    43.757076263         8.563345909         5.387065411
    46.544593811        10.044569016         5.392782211
    49.252769470         8.383218765         5.359998703
    52.048442841         9.869322777         5.354136944
    54.764305115         8.225843430         5.324954033
    57.555625916         9.730463982         5.314317703
    60.276233673         8.107007980         5.286142349
    63.064369202         9.632984161         5.272591591
    65.783851624         8.021420479         5.251367092
    68.564094543         9.565155983         5.242656708
    71.282394409         7.962769985         5.227306843
    74.053070068         9.522595406         5.227564812
    76.765579224         7.925686836         5.219112873
    79.532333374         9.489685059         5.226074696
    82.238433838         7.889492989         5.220887661
     8.432542801        14.184466362         5.259150982
    11.126651764        12.576219559         5.260084629
    13.894376755        14.131064415         5.277939320
    16.584465027        12.511120796         5.286142349
    19.350723267        14.055509567         5.314317703
    22.031408310        12.414438248         5.328117371
    24.801658630        13.938305855         5.360793114
    27.475547791        12.280574799         5.374552250
    30.246181488        13.785163879         5.408724308
    32.917877197        12.111175537         5.411712170
    35.696773529        13.599007607         5.443587780
    38.373634338        11.914505005         5.434206486
    41.156295776        13.390406609         5.451278210
    43.846393585        11.711737633         5.424008369
    46.637481689        13.184624672         5.422925949
    49.338470459        11.522306442         5.387944221
    52.135322571        13.009763718         5.375943184
    54.843036652        11.367080688         5.342239857
    57.636486053        12.872542381         5.328117371
    60.347633362        11.249013901         5.298844337
    63.138721466        12.780477524         5.286441803
    65.849563599        11.169987679         5.262111187
    68.631568909        12.716703415         5.257092953
    71.340995789        11.118659019         5.240092278
    74.117240906        12.679935455         5.241930962
    76.825775146        11.086613655         5.232154369
    79.597610474        12.651072502         5.240572453
    82.299133301        11.053680420         5.236455441
    85.066070557        12.620010376         5.247334003
    11.204162598        15.744134903         5.274674892
    13.980110168        17.297149658         5.290290356
    16.666992188        15.682166100         5.299736500
    19.443344116        17.225172043         5.324954033
    22.124366760        15.586368561         5.342239857
    24.900829315        17.109975815         5.375943184
    27.574344635        15.452488899         5.395534992
    30.355894089        16.954664230         5.431238651
    33.024669647        15.279060364         5.444631577
    35.807968140        16.759040833         5.477382183
    38.481067657        15.075388908         5.470688343
    41.268020630        16.545879364         5.484501839
    43.946517944        14.860788345         5.455811501
    46.743373871        16.331134796         5.447562695
    49.434680939        14.665131569         5.412995338
    52.233993530        16.153839111         5.395534992
    54.931655884        14.509716988         5.360793114
    57.728336334        16.017877579         5.342565060
    60.431121826        14.393726349         5.312217712
    63.220703125        15.928490639         5.298480511
    65.926200867        14.321111679         5.276505947
    68.711013794        15.870501518         5.271416187
    71.412445068        14.274302483         5.255826473
    74.191932678        15.838281631         5.258197784
    76.893569946        14.245537758         5.247397900
    79.670875549        15.812005043         5.254148483
    82.369255066        14.216968536         5.250873566
    85.141716003        15.784480095         5.261312008
    11.292056084        18.907821655         5.283882141
    14.073738098        20.462047577         5.296415806
    16.760108948        18.849309921         5.309982777
    19.544740677        20.390594482         5.332032204
    22.224567413        18.755435944         5.354136944
    25.011081696        20.275852203         5.387944221
    27.684741974        18.621120453         5.412995338
    30.473194122        20.118854523         5.447562695
    33.141849518        18.441761017         5.468845844
    35.933090210        19.916799545         5.501315594
    38.598152161        18.231706619         5.501401901
    41.391723633        19.696670532         5.510096550
    44.062614441        18.012033463         5.482968330
    46.861457825        19.480802536         5.468845844
    49.542297363        17.811643600         5.431238651
    52.342021942        19.301382065         5.408724308
    55.030349731        17.654235840         5.374552250
    57.825622559        19.169012070         5.350060940
    60.521125793        17.544189453         5.321556091
    63.312252045        19.080717087         5.303223133
    66.012023926        17.471946716         5.285228252
    68.797363281        19.026477814         5.282061577
    71.493331909        17.431446075         5.270824909
    74.273849487        18.995525360         5.272424221
    76.970794678        17.403785706         5.261608124
    79.752357483        18.971185684         5.266619205
    82.446960449        17.379650116         5.264371872
    85.224479675        18.946346283         5.272020340
    87.917854309        17.349870682         5.271171093
    14.170926094        23.623811722         5.299087524
    16.858646393        22.011104584         5.313966751
    19.648687363        23.550550461         5.333205223
    22.335403442        21.919616699         5.359998703
    25.128261566        23.434288025         5.392782211
    27.801183701        21.783815384         5.422925949
    30.598266602        23.276178360         5.455811501
    33.269275665        21.600013733         5.482968330
    36.063659668        23.070755005         5.510096550
    38.727340698        21.383123398         5.518907547
    41.521411896        22.847301483         5.518907547
    44.188411713        21.160572052         5.501315594
    46.985671997        22.631088257         5.477382183
    49.659023285        20.960674286         5.444631577
    52.455886841        22.452131271         5.411712170
    55.138481140        20.803714752         5.382058620
    57.930732727        22.322946548         5.354020119
    60.617576599        20.697477341         5.326919556
    63.409023285        22.237991333         5.307066441
    66.102943420        20.628595352         5.291478157
    68.887924194        22.184841156         5.288403988
    71.580093384        20.589666367         5.281061649
    74.362533569        22.153234482         5.278505802
    77.056060791        20.562242508         5.271944523
    79.838790894        22.130563736         5.274208069
    82.530784607        20.539491653         5.273808956
    85.311599731        22.106079102         5.278287411
    88.004585266        20.510351181         5.280300617
    90.785888672        22.069694519         5.289217949
    16.957963943        25.170818329         5.312507153
    19.751964569        26.706090927         5.331671715
    22.444032669        25.077293396         5.358609200
    25.239242554        26.588960648         5.387065411
    27.921169281        24.937412262         5.424008369
    30.719987869        26.427770615         5.451278210
    33.396842957        24.753276825         5.484501839
    36.191753387        26.222539902         5.501401901
    38.856361389        24.534948349         5.518907547
    41.649730682        25.997949600         5.510096550
    44.315216064        24.311126709         5.501401901
    47.107212067        25.787887573         5.470688343
    49.777935028        24.114810944         5.443587780
    52.570819855        25.612667084         5.407877922
    55.247890472        23.960102081         5.380416393
    58.034999847        25.483123779         5.350757599
    60.720565796        23.855398178         5.327237129
    63.508510590        25.399000168         5.307015896
    66.198997498        23.788665771         5.295619488
    68.981124878        25.346727371         5.288905621
    71.670333862        23.748634338         5.284805775
    74.451515198        25.313571930         5.278000355
    77.144996643        23.721530914         5.275772572
    79.926956177        25.291162491         5.275147438
    82.618789673        23.699560165         5.277871132
    85.402450562        25.265003204         5.279031754
    88.096618652        23.670536041         5.283309937
    90.880554199        25.228387833         5.289103508
    17.056543350        28.324653625         5.310869694
    19.848884583        29.856565475         5.328570843
    22.547334671        28.230558395         5.354719162
    25.344375610        29.738193512         5.377463341
    28.036548615        28.089010239         5.414495945
    30.833152771        29.575578690         5.434206486
    33.516841888        27.902097702         5.470688343
    36.311477661        29.375242233         5.477382183
    38.983615875        27.688003540         5.501315594
    41.773223877        29.153329849         5.482968330
    44.440250397        27.466217041         5.484501839
    47.228828430        28.947196960         5.451278210
    49.898330688        27.275289536         5.434206486
    52.682098389        28.777479172         5.397337914
    55.356536865        27.125000000         5.372919559
    58.137916565        28.651205063         5.342434406
    60.820320129        27.018638611         5.322816372
    63.600296021        28.563972473         5.300821781
    66.290908813        26.952106476         5.293543816
    69.067962646        28.511068344         5.281618118
    71.757560730        26.909700394         5.280785084
    74.536308289        28.474416733         5.269717216
    77.232192993        26.881847382         5.272527218
    80.011100769        28.449888229         5.269101143
    82.706649780        26.857664108         5.275183678
    85.488327026        28.422424316         5.272193909
    88.185562134        26.826377869         5.281210423
    90.970237732        28.386795044         5.284461498
    93.667160034        26.782876968         5.296456337
    19.936117172        33.002422333         5.318815708
    22.643165588        31.375925064         5.345490456
    25.438007355        32.882419586         5.361389160
    28.140335083        31.235298157         5.397337914
    30.936780930        32.721332550         5.407877922
    33.630405426        31.051555634         5.443587780
    36.421424866        32.525638580         5.444631577
    39.101814270        30.842811584         5.468845844
    41.888549805        32.315383911         5.447562695
    44.560333252        30.628408432         5.455811501
    47.337554932        32.116226196         5.424008369
    50.009231567        30.440505981         5.414495945
    52.783546448        31.947402954         5.377463341
    55.459716797        30.294204712         5.361389160
    58.232048035        31.824237823         5.331421852
    60.913703918        30.187200546         5.315333843
    63.686321259        31.733406067         5.296190739
    66.376045227        30.118581772         5.287569523
    69.146759033        31.677293777         5.272539139
    71.841316223        30.074083328         5.271304607
    74.613929749        31.638343811         5.258208752
    77.313278198        30.042749405         5.262424469
    80.088058472        31.608882904         5.256004810
    82.788726807        30.015089035         5.264823914
    85.568344116        31.579338074         5.260513783
    88.271553040        29.983829498         5.272187233
    91.055412292        31.540288925         5.276785374
    93.759483337        29.935848236         5.291830063
    96.549583435        31.473711014         5.304313660
    22.726795197        34.518314362         5.331421852
    25.521785736        36.023311615         5.342434406
    28.234207153        34.377666473         5.372919559
    31.029411316        35.866027832         5.380416393
    33.731353760        34.202068329         5.411712170
    36.516918182        35.678829193         5.408724308
    39.206932068        33.999065399         5.431238651
    41.985694885        35.479122162         5.412995338
    44.666450500        33.796936035         5.422925949
    47.432266235        35.286518097         5.392782211
    50.108798981        33.613067627         5.387065411
    52.876419067        35.123527527         5.354719162
    55.552471161        33.467853546         5.345490456
    58.314582825        34.998981476         5.318815708
    60.999755859        33.361286163         5.306700230
    63.760738373        34.905212402         5.285141945
    66.452796936        33.285366058         5.277897835
    69.217712402        34.843914032         5.259014130
    71.915603638        33.238883972         5.258349895
    74.682189941        34.801639557         5.243762493
    77.385375977        33.203647614         5.248541355
    80.156600952        34.768272400         5.241297722
    82.862342834        33.173027039         5.250151634
    85.639709473        34.734268188         5.245998383
    88.349914551        33.137329102         5.260839939
    91.129142761        34.691280365         5.265180111
    93.840034485        33.086647034         5.282362461
    96.629455566        34.620651245         5.293077469
    22.803676605        37.659221649         5.315333843
    25.594429016        39.162624359         5.322816372
    28.316879272        37.518222809         5.350757599
    31.105812073        39.008010864         5.354020119
    33.817626953        37.349472046         5.382058620
    36.599220276        38.830566406         5.374552250
    39.296779633        37.159046173         5.395534992
    42.068962097        38.645633698         5.375943184
    44.755569458        36.967212677         5.387944221
    47.516952515        38.462539673         5.359998703
    50.197265625        36.789623260         5.358609200
    52.953876495        38.306625366         5.331671715
    55.633811951        36.647457123         5.328570843
    58.385658264        38.179500580         5.304313660
    61.071044922        36.536857605         5.293077469
    63.826766968        38.082069397         5.272977352
    66.521324158        36.457351685         5.264551640
    69.277687073        38.015884399         5.246455669
    71.978919983        36.405712128         5.242397785
    74.741012573        37.969203949         5.230063915
    77.448852539        36.366691589         5.233128548
    80.213394165        37.929317474         5.226427078
    82.926361084        36.330497742         5.234449387
    85.698547363        37.890350342         5.231458187
    88.416076660        36.291065216         5.248376846
    91.193580627        37.839740753         5.255628586
    93.913406372        36.234565735         5.272977352
    96.697662354        37.765815735         5.285141945
    99.415229797        36.146701813         5.306700230
    25.652980804        42.300483704         5.307015896
    28.383750916        40.657855988         5.327237129
    31.170084000        42.147621155         5.326919556
    33.889747620        40.493953705         5.350060940
    36.667358398        41.985267639         5.342565060
    39.371803284        40.317352295         5.360793114
    42.137710571        41.811923981         5.342239857
    44.832103729        40.140613556         5.354136944
    47.588111877        41.643833160         5.332032204
    50.272735596        39.973834991         5.333205223
    53.021293640        41.493934631         5.312507153
    55.703300476        39.831645966         5.310869694
    58.448879242        41.364730835         5.291830063
    61.137268066        39.719570160         5.282362461
    63.882366180        41.264957428         5.265180111
    66.576805115        39.634925842         5.255628586
    69.324966431        41.190326691         5.236458302
    72.032409668        39.577167511         5.229885101
    74.788742065        41.138233185         5.219724178
    77.501068115        39.530826569         5.221083641
    80.261054993        41.091484070         5.216995239
    82.978530884        39.490833282         5.222357750
    85.747100830        41.045898438         5.223140240
    88.472480774        39.442016602         5.236458302
    91.245254517        40.988304138         5.246455669
    93.973175049        39.380485535         5.264551640
    96.754455566        40.907127380         5.277897835
    99.481727600        39.287273407         5.296190739
   102.269554138        40.797489166         5.300821781
    28.440235138        43.794830322         5.307066441
    31.222900391        45.289661407         5.303223133
    33.949138641        43.640739441         5.321556091
    36.722518921        45.138023376         5.312217712
    39.437221527        43.478397369         5.328117371
    42.198776245        44.979400635         5.314317703
    44.897468567        43.314361572         5.324954033
    47.645629883        44.826034546         5.309982777
    50.334556580        43.159805298         5.313966751
    53.075065613        44.681087494         5.299087524
    55.764480591        43.021163940         5.296456337
    58.501976013        44.554809570         5.284461498
    61.190391541        42.904296875         5.276785374
    63.926227570        44.448810577         5.260839939
    66.624359131        42.814651489         5.248376846
    69.368141174        44.368457794         5.231458187
    72.076652527        42.748626709         5.223140240
    74.827819824        44.306991577         5.216336727
    77.544227600        42.697025299         5.215091705
    80.300399780        44.253974915         5.213198185
    83.021934509        42.649295807         5.216336727
    85.785697937        44.199840546         5.219724178
    88.515792847        42.593311310         5.229885101
    91.289093018        44.132720947         5.242397785
    94.022247314        42.522350311         5.259014130
    96.800109863        44.044208527         5.272539139
    99.535346985        42.424049377         5.287569523
   102.320159912        43.933563232         5.293543816
    28.487051010        46.932533264         5.291478157
    31.266250610        48.432113647         5.285228252
    33.998584747        46.786487579         5.298480511
    36.765830994        48.289501190         5.286441803
    39.487667084        46.638076782         5.298844337
    42.244422913        48.147243500         5.286142349
    44.949363708        46.490253448         5.299736500
    47.691421509        48.009666443         5.290290356
    50.385490417        46.346134186         5.296415806
    53.123382568        47.873012543         5.289217949
    55.811561584        46.211692810         5.289103508
    58.542957306        47.746627808         5.281210423
    61.234397888        46.093425751         5.272187233
    63.967742920        47.636714935         5.260513783
    66.664314270        45.997451782         5.245998383
    69.403366089        47.549160004         5.234449387
    72.114212036        45.923816681         5.222357750
    74.859161377        47.476894379         5.216995239
    77.578277588        45.861576080         5.213198185
    80.331558228        47.415199280         5.213198185
    83.057998657        45.806758881         5.215091705
    85.821594238        47.352478027         5.221083641
    88.554023743        45.743015289         5.230063915
    91.326629639        47.275852203         5.243762493
    94.063308716        45.661296844         5.258349895
    96.841247559        47.179367065         5.271304607
    99.581527710        45.559082031         5.281618118
   102.365356445        47.066043854         5.288905621
   105.105735779        45.435684204         5.295619488
    31.303647995        51.570243835         5.271416187
    34.037864685        49.933212280         5.276505947
    36.805137634        51.442398071         5.262111187
    39.528820038        49.798854828         5.272591591
    42.284141541        51.317844391         5.263095379
    44.992378235        49.666957855         5.277939320
    47.734443665        51.190216064         5.274674892
    50.430332184        49.532253265         5.283882141
    53.163604736        51.061367035         5.280300617
    55.854389191        49.401569366         5.283309937
    58.582321167        50.937549591         5.279031754
    61.273792267        49.284481049         5.272193909
    64.002876282        50.826065063         5.264823914
    66.700927734        49.183345795         5.250151634
    69.435325623        50.728965759         5.241297722
    72.144470215        49.099246979         5.226427078
    74.887573242        50.647445679         5.221083641
    77.608001709        49.026962280         5.215091705
    80.360488892        50.574462891         5.216336727
    83.090034485        48.962371826         5.216995239
    85.852371216        50.502182007         5.226427078
    88.587921143        48.889328003         5.233128548
    91.358932495        50.415885925         5.248541355
    94.100250244        48.798385620         5.258208752
    96.879104614        50.313133240         5.269717216
    99.623558044        48.689025879         5.280785084
   102.404739380        50.194015503         5.284805775
   105.150222778        48.566276550         5.288403988
   107.930732727        50.067028046         5.282061577
    34.074638367        53.078330994         5.257092953
    36.837696075        54.595676422         5.242656708
    39.564735413        52.959785461         5.251367092
    42.317832947        54.485618591         5.244513035
    45.029705048        52.841300964         5.260084629
    47.769542694        54.370342255         5.259150982
    50.469909668        52.716712952         5.271171093
    53.199184418        54.251003265         5.272020340
    55.892036438        52.595691681         5.278287411
    58.618434906        54.130996704         5.277871132
    61.309501648        52.475852966         5.275183678
    64.036178589        54.014156342         5.269101143
    66.733474731        52.368011475         5.256004810
    69.465927124        53.911220551         5.248541355
    72.173461914        52.274730682         5.233128548
    74.915199280        53.818527222         5.230063915
    77.635795593        52.192676544         5.219724178
    80.386482239        53.736221313         5.223140240
    83.117500305        52.116100311         5.222357750
    85.880508423        53.651088715         5.234449387
    88.618316650        52.033515930         5.241297722
    91.388702393        53.553855896         5.256004810
    94.132400513        51.933891296         5.262424469
    96.910369873        53.444122314         5.272527218
    99.658874512        51.820117950         5.278000355
   102.440292358        53.323234558         5.278505802
   105.185607910        51.695343018         5.281061649
   107.964088440        53.199317932         5.270824909
    34.103870392        56.223793030         5.240092278
    36.866256714        57.750980377         5.227306843
    39.595588684        56.120815277         5.232091904
    42.347038269        57.652862549         5.228065014
    45.062427521        56.014839172         5.242761135
    47.799625397        57.551364899         5.247334003
    50.502315521        55.903617859         5.261312008
    53.231151581        57.439762115         5.264371872
    55.925743103        55.787246704         5.273808956
    58.649642944        57.323040009         5.274208069
    61.342727661        55.666393280         5.275147438
    64.067672729        57.204784393         5.272527218
    66.764556885        55.554107666         5.262424469
    69.496055603        57.094017029         5.258208752
    72.201416016        55.453254700         5.243762493
    74.942214966        56.992313385         5.242397785
    77.662033081        55.360275269         5.229885101
    80.412796021        56.898406982         5.236458302
    83.143554688        55.271942139         5.231458187
    85.906211853        56.799034119         5.245998383
    88.646972656        55.174381256         5.250151634
    91.418632507        56.689601898         5.264823914
    94.162948608        55.066707611         5.269101143
    96.940567017        56.573192596         5.275147438
    99.690879822        54.948768616         5.275772572
   102.471366882        56.451389313         5.271944523
   105.219299316        54.825279236         5.272424221
   107.994499207        56.332962036         5.258197784
   110.738700867        54.707839966         5.255826473
    36.890941620        60.904747009         5.216766357
    39.622459412        59.282344818         5.217466354
    42.372119904        60.822299957         5.216197491
    45.090187073        59.189559937         5.230628490
    47.826614380        60.730766296         5.236455441
    50.531044006        59.088397980         5.250873566
    53.261573792        60.627742767         5.254148483
    55.956764221        58.977588654         5.266619205
    58.682800293        60.517112732         5.271944523
    61.374359131        58.860450745         5.275772572
    64.099853516        60.397056580         5.278000355
    66.794822693        58.743202209         5.269717216
    69.527671814        60.277297974         5.271304607
    72.231330872        58.630565643         5.258349895
    74.970260620        60.164489746         5.259014130
    77.687286377        58.526561737         5.246455669
    80.439865112        60.056083679         5.255628586
    83.169807434        58.425033569         5.248376846
    85.934097290        59.944602966         5.260839939
    88.674148560        58.314701080         5.260513783
    91.448127747        59.823844910         5.272193909
    94.194076538        58.197231293         5.275183678
    96.973007202        59.700191498         5.277871132
    99.721794128        58.077144623         5.274208069
   102.501113892        59.581974030         5.266619205
   105.249313354        57.956779480         5.261608124
   108.023040771        59.469020844         5.247397900
   110.767059326        57.847446442         5.241930962
   113.533477783        59.370552063         5.227564812
    39.645721436        62.444271088         5.211599350
    42.396022797        63.989788055         5.213005066
    45.116699219        62.365432739         5.220887661
    47.855552673        63.908882141         5.226074696
    50.560760498        62.271659851         5.240572453
    53.293624878        63.816192627         5.247397900
    55.990135193        62.170188904         5.261608124
    58.717094421        63.709949493         5.272424221
    61.407402039        62.054279327         5.278505802
    64.135162354        63.588104248         5.284805775
    66.829109192        61.932022095         5.280785084
    69.560729980        63.460597992         5.281618118
    72.263366699        61.809249878         5.272539139
    75.002983093        63.338253021         5.277897835
    77.715744019        61.692909241         5.264551640
    80.470069885        63.214111328         5.272977352
    83.198730469        61.574516296         5.265180111
    85.964424133        63.086162567         5.276785374
    88.704292297        61.453491211         5.272187233
    91.481719971        62.957744598         5.281210423
    94.225463867        61.328197479         5.279031754
    97.006599426        62.828979492         5.278287411
    99.753715515        61.204010010         5.273808956
   102.532127380        62.711334229         5.264371872
   105.277793884        61.091003418         5.254148483
   108.051879883        62.608013153         5.240572453
   110.792648315        60.989772797         5.232154369
   113.560188293        62.518096924         5.219112873
    39.672130585        65.605606079         5.211206436
    42.421585083        67.155090332         5.211712360
    45.141986847        65.536811829         5.215561867
    47.884471893        67.086967468         5.219112873
    50.591812134        65.454360962         5.232154369
    53.325935364        67.003364563         5.241930962
    56.023796082        65.359504700         5.258197784
    58.752822876        66.899986267         5.270824909
    61.444541931        65.245742798         5.281061649
    64.172088623        66.779632568         5.288403988
    66.863754272        65.117980957         5.288905621
    69.599166870        66.645080566         5.293543816
    72.298851013        64.988121033         5.287569523
    75.042190552        66.510070801         5.296190739
    77.751846313        64.859718323         5.285141945
    80.509735107        66.373237610         5.293077469
    83.232925415        64.724533081         5.282362461
    86.001884460        66.230171204         5.291830063
    88.738021851        64.589141846         5.284461498
    91.518127441        66.090667725         5.289103508
    94.259231567        64.458641052         5.283309937
    97.042053223        65.959030151         5.280300617
    99.786560059        64.333396912         5.272020340
   102.566207886        65.842643738         5.261312008
   105.309944153        64.225387573         5.250873566
   108.084487915        65.746307373         5.236455441
   110.822357178        64.132179260         5.226074696
   113.588958740        65.668235779         5.215561867
   116.319549561        64.060234070         5.212916374
    45.169258118        68.705574036         5.212916374
    50.623680115        68.637603760         5.227564812
    56.059101105        68.548606873         5.255826473
    61.482147217        68.437240601         5.282061577
    66.905502319        68.306404114         5.295619488
    72.340393066        68.169288635         5.300821781
    77.795257568        68.022766113         5.306700230
    83.274993896        67.877540588         5.304313660
    88.778594971        67.726707458         5.296456337
    94.300964355        67.588043213         5.289217949
    99.822463989        67.464164734         5.271171093
   105.344543457        67.359375000         5.247334003
   110.855117798        67.275825500         5.220887661
   116.350631714        67.215034485         5.211712360
